image_width: 320
image_height: 240
camera_name: left_camera
camera_matrix:
  rows: 3
  cols: 3
  data: [461.8339885262836, 0, 175.7019239140291, 0, 461.1952155363348, 130.4349765326853, 0, 0, 1]
distortion_model: plumb_bob
distortion_coefficients:
  rows: 1
  cols: 5
  data: [-0.4603970043721461, 0.3863425257325017, -0.002378192791747859, -0.0009397874961210328, 0]
rectification_matrix:
  rows: 3
  cols: 3
  data: [0.9999529700002285, 0.0006274808807970093, -0.009678019191262483, -0.0005906898513738141, 0.9999925907100299, 0.003803894128686953, 0.009680334354850283, -0.003797998523829271, 0.9999459317053053]
projection_matrix:
  rows: 3
  cols: 4
  data: [450.2356617622169, 0, 177.4105110168457, 0, 0, 450.2356617622169, 128.0635356903076, 0, 0, 0, 1, 0]