image_width: 320
image_height: 240
camera_name: narrow_stereo/right
camera_matrix:
  rows: 3
  cols: 3
  data: [459.837529, 0.000000, 166.489662, 0.000000, 459.733871, 123.611685, 0.000000, 0.000000, 1.000000]
distortion_model: plumb_bob
distortion_coefficients:
  rows: 1
  cols: 5
  data: [-0.450321, 0.236021, -0.001080, 0.000609, 0.000000]
rectification_matrix:
  rows: 3
  cols: 3
  data: [0.999986, 0.002108, -0.004850, -0.002119, 0.999995, -0.002274, 0.004845, 0.002284, 0.999986]
projection_matrix:
  rows: 3
  cols: 4
  data: [450.322821, 0.000000, 176.466557, -27.279462, 0.000000, 450.322821, 124.695498, 0.000000, 0.000000, 0.000000, 1.000000, 0.000000]
