image_width: 320
image_height: 240
camera_name: right_camera
camera_matrix:
  rows: 3
  cols: 3
  data: [458.9756923787647, 0, 168.6229214890428, 0, 458.6971481394454, 125.5004275994223, 0, 0, 1]
distortion_model: plumb_bob
distortion_coefficients:
  rows: 1
  cols: 5
  data: [-0.4381927433805115, 0.1468182413614935, -0.001929490439495011, -0.001564457176326352, 0]
rectification_matrix:
  rows: 3
  cols: 3
  data: [0.999971208581151, 0.001118338223799908, -0.007505419932918866, -0.001146858384125092, 0.9999921348065441, -0.003796714487165837, 0.007501114890403272, 0.003805212828145234, 0.9999646261897135]
projection_matrix:
  rows: 3
  cols: 4
  data: [450.2356617622169, 0, 177.4105110168457, -27.22209729338622, 0, 450.2356617622169, 128.0635356903076, 0, 0, 0, 1, 0]