image_width: 320
image_height: 240
camera_name: narrow_stereo/left
camera_matrix:
  rows: 3
  cols: 3
  data: [460.351289, 0.000000, 175.593949, 0.000000, 459.883603, 124.620560, 0.000000, 0.000000, 1.000000]
distortion_model: plumb_bob
distortion_coefficients:
  rows: 1
  cols: 5
  data: [-0.434914, 0.153659, -0.001126, 0.000447, 0.000000]
rectification_matrix:
  rows: 3
  cols: 3
  data: [0.999990, 0.001808, -0.003980, -0.001799, 0.999996, 0.002283, 0.003984, -0.002275, 0.999989]
projection_matrix:
  rows: 3
  cols: 4
  data: [450.322821, 0.000000, 176.466557, 0.000000, 0.000000, 450.322821, 124.695498, 0.000000, 0.000000, 0.000000, 1.000000, 0.000000]
